00000110
00000112
00000120
00000121
00000210
00000212
00000220
00000221
00001010
00001012
00001020
00001021
00002010
00002012
00002020
00002021
00010010
00010012
00010020
00010021
00011111
00011122
00011211
00011222
00012111
00012122
00012211
00012222
00020010
00020012
00020020
00020021
00021111
00021122
00021211
00021222
00022111
00022122
00022211
00022222
00100010
00100012
00100020
00100021
00101111
00101122
00101211
00101222
00102111
00102122
00102211
00102222
00110101
00110102
00110201
00110202
00111001
00111002
00112001
00112002
00120101
00120102
00120201
00120202
00121001
00121002
00122001
00122002
00200010
00200012
00200020
00200021
00201111
00201122
00201211
00201222
00202111
00202122
00202211
00202222
00210101
00210102
00210201
00210202
00211001
00211002
00212001
00212002
00220101
00220102
00220201
00220202
00221001
00221002
00222001
00222002
01000010
01000012
01000020
01000021
01001101
01001102
01001201
01001202
01002101
01002102
01002201
01002202
01010111
01010122
01010211
01010222
01011001
01011002
01012001
01012002
01020111
01020122
01020211
01020222
01021001
01021002
01022001
01022002
01100101
01100102
01100201
01100202
01101011
01101022
01102011
01102022
01110011
01110022
01120011
01120022
01200101
01200102
01200201
01200202
01201011
01201022
01202011
01202022
01210011
01210022
01220011
01220022
02000010
02000012
02000020
02000021
02001101
02001102
02001201
02001202
02002101
02002102
02002201
02002202
02010111
02010122
02010211
02010222
02011001
02011002
02012001
02012002
02020111
02020122
02020211
02020222
02021001
02021002
02022001
02022002
02100101
02100102
02100201
02100202
02101011
02101022
02102011
02102022
02110011
02110022
02120011
02120022
02200101
02200102
02200201
02200202
02201011
02201022
02202011
02202022
02210011
02210022
02220011
02220022
10000010
10000012
10000020
10000021
10001101
10001102
10001201
10001202
10002101
10002102
10002201
10002202
10010101
10010102
10010201
10010202
10011011
10011022
10012011
10012022
10020101
10020102
10020201
10020202
10021011
10021022
10022011
10022022
10100111
10100122
10100211
10100222
10101001
10101002
10102001
10102002
10110011
10110022
10120011
10120022
10200111
10200122
10200211
10200222
10201001
10201002
10202001
10202002
10210011
10210022
10220011
10220022
11000111
11000122
11000211
11000222
11001011
11001022
11002011
11002022
11010001
11010002
11020001
11020002
11100001
11100002
11111101
11111102
11111111
11111122
11112201
11112202
11112211
11112222
11121201
11121202
11121211
11121222
11122101
11122102
11122111
11122122
11200001
11200002
11211201
11211202
11211211
11211222
11212101
11212102
11212111
11212122
11221101
11221102
11221111
11221122
11222201
11222202
11222211
11222222
12000111
12000122
12000211
12000222
12001011
12001022
12002011
12002022
12010001
12010002
12020001
12020002
12100001
12100002
12111201
12111202
12111211
12111222
12112101
12112102
12112111
12112122
12121101
12121102
12121111
12121122
12122201
12122202
12122211
12122222
12200001
12200002
12211101
12211102
12211111
12211122
12212201
12212202
12212211
12212222
12221201
12221202
12221211
12221222
12222101
12222102
12222111
12222122
20000010
20000012
20000020
20000021
20001101
20001102
20001201
20001202
20002101
20002102
20002201
20002202
20010101
20010102
20010201
20010202
20011011
20011022
20012011
20012022
20020101
20020102
20020201
20020202
20021011
20021022
20022011
20022022
20100111
20100122
20100211
20100222
20101001
20101002
20102001
20102002
20110011
20110022
20120011
20120022
20200111
20200122
20200211
20200222
20201001
20201002
20202001
20202002
20210011
20210022
20220011
20220022
21000111
21000122
21000211
21000222
21001011
21001022
21002011
21002022
21010001
21010002
21020001
21020002
21100001
21100002
21111201
21111202
21111211
21111222
21112101
21112102
21112111
21112122
21121101
21121102
21121111
21121122
21122201
21122202
21122211
21122222
21200001
21200002
21211101
21211102
21211111
21211122
21212201
21212202
21212211
21212222
21221201
21221202
21221211
21221222
21222101
21222102
21222111
21222122
22000111
22000122
22000211
22000222
22001011
22001022
22002011
22002022
22010001
22010002
22020001
22020002
22100001
22100002
22111101
22111102
22111111
22111122
22112201
22112202
22112211
22112222
22121201
22121202
22121211
22121222
22122101
22122102
22122111
22122122
22200001
22200002
22211201
22211202
22211211
22211222
22212101
22212102
22212111
22212122
22221101
22221102
22221111
22221122
22222201
22222202
22222211
22222222
