0000000111
0000000222
0000001011
0000001102
0000001211
0000002022
0000002122
0000002201
0000010111
0000011011
0000011102
0000011112
0000011211
0000012221
0000020222
0000021112
0000022022
0000022122
0000022201
0000022221
0000100111
0000101011
0000101102
0000101211
0000111112
0000112221
0000120222
0000122022
0000122122
0000122201
0000200222
0000202022
0000202122
0000202201
0000210111
0000211011
0000211102
0000211211
0000221112
0000222221
0001000111
0001001011
0001001102
0001001211
0001011112
0001012221
0001020222
0001022022
0001022122
0001022201
0001101120
0001102111
0001111121
0001111212
0001111221
0001112112
0001112121
0001112212
0001121222
0001122210
0002000222
0002002022
0002002122
0002002201
0002010111
0002011011
0002011102
0002011211
0002021112
0002022221
0002201222
0002202210
0002211120
0002212111
0002221121
0002221212
0002221221
0002222112
0002222121
0002222212
0010000111
0010001011
0010001102
0010001211
0010011112
0010012221
0010020222
0010022022
0010022122
0010022201
0010101120
0010102111
0010111121
0010111212
0010111221
0010112112
0010112121
0010112212
0010121222
0010122210
0011001120
0011002111
0011011121
0011011212
0011011221
0011012112
0011012121
0011012212
0011021222
0011022210
0011100222
0011101120
0011101222
0011102022
0011102111
0011102122
0011102201
0011102210
0011110111
0011111011
0011111102
0011111120
0011111121
0011111211
0011111212
0011111221
0011112111
0011112112
0011112121
0011112212
0011121112
0011121121
0011121212
0011121221
0011121222
0011122112
0011122121
0011122210
0011122212
0011122221
0020000222
0020002022
0020002122
0020002201
0020010111
0020011011
0020011102
0020011211
0020021112
0020022221
0020201222
0020202210
0020211120
0020212111
0020221121
0020221212
0020221221
0020222112
0020222121
0020222212
0022001222
0022002210
0022011120
0022012111
0022021121
0022021212
0022021221
0022022112
0022022121
0022022212
0022200111
0022201011
0022201102
0022201120
0022201211
0022201222
0022202111
0022202210
0022211112
0022211120
0022211121
0022211212
0022211221
0022212111
0022212112
0022212121
0022212212
0022212221
0022220222
0022221121
0022221212
0022221221
0022221222
0022222022
0022222112
0022222121
0022222122
0022222201
0022222210
0022222212
0100000111
0100001011
0100001012
0100001102
0100001211
0100002021
0100010022
0100010110
0100010210
0100011101
0100011110
0100011112
0100011201
0100012001
0100012221
0100020011
0100020120
0100020220
0100020222
0100021002
0100022022
0100022102
0100022122
0100022201
0100022202
0100022220
0100101012
0100102021
0100110022
0100110110
0100110210
0100111101
0100111110
0100111201
0100112001
0100120011
0100120120
0100120220
0100121002
0100122102
0100122202
0100122220
0100200111
0100201011
0100201102
0100201211
0100211112
0100212221
0100220222
0100222022
0100222122
0100222201
0101000111
0101001011
0101001102
0101001121
0101001211
0101001212
0101001221
0101001222
0101002112
0101002121
0101002210
0101002212
0101011112
0101011120
0101011222
0101012111
0101012210
0101012221
0101020222
0101021120
0101021121
0101021212
0101021221
0101022022
0101022111
0101022112
0101022121
0101022122
0101022201
0101022212
0101101112
0101102221
0101110222
0101112022
0101112122
0101112201
0101120111
0101121011
0101121102
0101121211
0101201120
0101202111
0101211121
0101211212
0101211221
0101212112
0101212121
0101212212
0101221222
0101222210
0102001121
0102001212
0102001221
0102002112
0102002121
0102002212
0102011222
0102012210
0102021120
0102022111
0102101112
0102102221
0102110222
0102112022
0102112122
0102112201
0102120111
0102121011
0102121102
0102121211
0110000111
0110001011
0110001102
0110001121
0110001211
0110001212
0110001221
0110001222
0110002112
0110002121
0110002210
0110002212
0110011112
0110011120
0110011222
0110012111
0110012210
0110012221
0110020222
0110021120
0110021121
0110021212
0110021221
0110022022
0110022111
0110022112
0110022121
0110022122
0110022201
0110022212
0110101112
0110102221
0110110222
0110112022
0110112122
0110112201
0110120111
0110121011
0110121102
0110121211
0110201120
0110202111
0110211121
0110211212
0110211221
0110212112
0110212121
0110212212
0110221222
0110222210
0111001120
0111002111
0111011121
0111011212
0111011221
0111012112
0111012121
0111012212
0111021222
0111022210
0111201112
0111201120
0111201121
0111201212
0111201221
0111202111
0111202112
0111202121
0111202212
0111202221
0111210222
0111211121
0111211212
0111211221
0111211222
0111212022
0111212112
0111212121
0111212122
0111212201
0111212210
0111212212
0111220111
0111221011
0111221102
0111221120
0111221211
0111221222
0111222111
0111222210
0112000222
0112002022
0112002122
0112002201
0112010111
0112011011
0112011102
0112011211
0112021112
0112022221
0112201112
0112201121
0112201212
0112201221
0112202112
0112202121
0112202212
0112202221
0112210222
0112211222
0112212022
0112212122
0112212201
0112212210
0112220111
0112221011
0112221102
0112221120
0112221211
0112222111
0120001121
0120001212
0120001221
0120002112
0120002121
0120002212
0120011222
0120012210
0120021120
0120022111
0120101112
0120102221
0120110222
0120112022
0120112122
0120112201
0120120111
0120121011
0120121102
0120121211
0121000222
0121002022
0121002122
0121002201
0121010111
0121011011
0121011102
0121011211
0121021112
0121022221
0121201112
0121201121
0121201212
0121201221
0121202112
0121202121
0121202212
0121202221
0121210222
0121211222
0121212022
0121212122
0121212201
0121212210
0121220111
0121221011
0121221102
0121221120
0121221211
0121222111
0122100111
0122101011
0122101102
0122101120
0122101211
0122102111
0122111112
0122111121
0122111212
0122111221
0122112112
0122112121
0122112212
0122112221
0122120222
0122121222
0122122022
0122122122
0122122201
0122122210
0122201112
0122201121
0122201212
0122201221
0122202112
0122202121
0122202212
0122202221
0122210222
0122211222
0122212022
0122212122
0122212201
0122212210
0122220111
0122221011
0122221102
0122221120
0122221211
0122222111
0200000222
0200001012
0200002021
0200002022
0200002122
0200002201
0200010022
0200010110
0200010111
0200010210
0200011011
0200011101
0200011102
0200011110
0200011201
0200011211
0200012001
0200020011
0200020120
0200020220
0200021002
0200021112
0200022102
0200022202
0200022220
0200022221
0200100222
0200102022
0200102122
0200102201
0200110111
0200111011
0200111102
0200111211
0200121112
0200122221
0200201012
0200202021
0200210022
0200210110
0200210210
0200211101
0200211110
0200211201
0200212001
0200220011
0200220120
0200220220
0200221002
0200222102
0200222202
0200222220
0201001121
0201001212
0201001221
0201002112
0201002121
0201002212
0201011222
0201012210
0201021120
0201022111
0201201112
0201202221
0201210222
0201212022
0201212122
0201212201
0201220111
0201221011
0201221102
0201221211
0202000222
0202001120
0202001121
0202001212
0202001221
0202002022
0202002111
0202002112
0202002121
0202002122
0202002201
0202002212
0202010111
0202011011
0202011102
0202011121
0202011211
0202011212
0202011221
0202011222
0202012112
0202012121
0202012210
0202012212
0202021112
0202021120
0202021222
0202022111
0202022210
0202022221
0202101222
0202102210
0202111120
0202112111
0202121121
0202121212
0202121221
0202122112
0202122121
0202122212
0202201112
0202202221
0202210222
0202212022
0202212122
0202212201
0202220111
0202221011
0202221102
0202221211
0210001121
0210001212
0210001221
0210002112
0210002121
0210002212
0210011222
0210012210
0210021120
0210022111
0210201112
0210202221
0210210222
0210212022
0210212122
0210212201
0210220111
0210221011
0210221102
0210221211
0211101112
0211101121
0211101212
0211101221
0211102112
0211102121
0211102212
0211102221
0211110222
0211111222
0211112022
0211112122
0211112201
0211112210
0211120111
0211121011
0211121102
0211121120
0211121211
0211122111
0211200222
0211201222
0211202022
0211202122
0211202201
0211202210
0211210111
0211211011
0211211102
0211211120
0211211211
0211212111
0211221112
0211221121
0211221212
0211221221
0211222112
0211222121
0211222212
0211222221
0212000111
0212001011
0212001102
0212001211
0212011112
0212012221
0212020222
0212022022
0212022122
0212022201
0212101112
0212101121
0212101212
0212101221
0212102112
0212102121
0212102212
0212102221
0212110222
0212111222
0212112022
0212112122
0212112201
0212112210
0212120111
0212121011
0212121102
0212121120
0212121211
0212122111
0220000222
0220001120
0220001121
0220001212
0220001221
0220002022
0220002111
0220002112
0220002121
0220002122
0220002201
0220002212
0220010111
0220011011
0220011102
0220011121
0220011211
0220011212
0220011221
0220011222
0220012112
0220012121
0220012210
0220012212
0220021112
0220021120
0220021222
0220022111
0220022210
0220022221
0220101222
0220102210
0220111120
0220112111
0220121121
0220121212
0220121221
0220122112
0220122121
0220122212
0220201112
0220202221
0220210222
0220212022
0220212122
0220212201
0220220111
0220221011
0220221102
0220221211
0221000111
0221001011
0221001102
0221001211
0221011112
0221012221
0221020222
0221022022
0221022122
0221022201
0221101112
0221101121
0221101212
0221101221
0221102112
0221102121
0221102212
0221102221
0221110222
0221111222
0221112022
0221112122
0221112201
0221112210
0221120111
0221121011
0221121102
0221121120
0221121211
0221122111
0222001222
0222002210
0222011120
0222012111
0222021121
0222021212
0222021221
0222022112
0222022121
0222022212
0222101112
0222101121
0222101212
0222101221
0222101222
0222102112
0222102121
0222102210
0222102212
0222102221
0222110222
0222111120
0222111222
0222112022
0222112111
0222112122
0222112201
0222112210
0222120111
0222121011
0222121102
0222121120
0222121121
0222121211
0222121212
0222121221
0222122111
0222122112
0222122121
0222122212
1000000111
1000001011
1000001012
1000001102
1000001211
1000002021
1000010022
1000010110
1000010210
1000011101
1000011110
1000011112
1000011201
1000012001
1000012221
1000020011
1000020120
1000020220
1000020222
1000021002
1000022022
1000022102
1000022122
1000022201
1000022202
1000022220
1000100111
1000101011
1000101102
1000101121
1000101211
1000101212
1000101221
1000101222
1000102112
1000102121
1000102210
1000102212
1000111112
1000111120
1000111222
1000112111
1000112210
1000112221
1000120222
1000121120
1000121121
1000121212
1000121221
1000122022
1000122111
1000122112
1000122121
1000122122
1000122201
1000122212
1000201121
1000201212
1000201221
1000202112
1000202121
1000202212
1000211222
1000212210
1000221120
1000222111
1001001012
1001002021
1001010022
1001010110
1001010210
1001011101
1001011110
1001011201
1001012001
1001020011
1001020120
1001020220
1001021002
1001022102
1001022202
1001022220
1001101112
1001102221
1001110222
1001112022
1001112122
1001112201
1001120111
1001121011
1001121102
1001121211
1001201112
1001202221
1001210222
1001212022
1001212122
1001212201
1001220111
1001221011
1001221102
1001221211
1002000111
1002001011
1002001102
1002001211
1002011112
1002012221
1002020222
1002022022
1002022122
1002022201
1002101120
1002102111
1002111121
1002111212
1002111221
1002112112
1002112121
1002112212
1002121222
1002122210
1010000111
1010001011
1010001102
1010001121
1010001211
1010001212
1010001221
1010001222
1010002112
1010002121
1010002210
1010002212
1010011112
1010011120
1010011222
1010012111
1010012210
1010012221
1010020222
1010021120
1010021121
1010021212
1010021221
1010022022
1010022111
1010022112
1010022121
1010022122
1010022201
1010022212
1010101120
1010102111
1010111121
1010111212
1010111221
1010112112
1010112121
1010112212
1010121222
1010122210
1010200222
1010202022
1010202122
1010202201
1010210111
1010211011
1010211102
1010211211
1010221112
1010222221
1011001112
1011002221
1011010222
1011012022
1011012122
1011012201
1011020111
1011021011
1011021102
1011021211
1012001120
1012002111
1012011121
1012011212
1012011221
1012012112
1012012121
1012012212
1012021222
1012022210
1012101112
1012101120
1012101121
1012101212
1012101221
1012102111
1012102112
1012102121
1012102212
1012102221
1012110222
1012111121
1012111212
1012111221
1012111222
1012112022
1012112112
1012112121
1012112122
1012112201
1012112210
1012112212
1012120111
1012121011
1012121102
1012121120
1012121211
1012121222
1012122111
1012122210
1012201112
1012201121
1012201212
1012201221
1012202112
1012202121
1012202212
1012202221
1012210222
1012211222
1012212022
1012212122
1012212201
1012212210
1012220111
1012221011
1012221102
1012221120
1012221211
1012222111
1020001121
1020001212
1020001221
1020002112
1020002121
1020002212
1020011222
1020012210
1020021120
1020022111
1020100222
1020102022
1020102122
1020102201
1020110111
1020111011
1020111102
1020111211
1020121112
1020122221
1021001112
1021002221
1021010222
1021012022
1021012122
1021012201
1021020111
1021021011
1021021102
1021021211
1021200111
1021201011
1021201102
1021201120
1021201211
1021202111
1021211112
1021211121
1021211212
1021211221
1021212112
1021212121
1021212212
1021212221
1021220222
1021221222
1021222022
1021222122
1021222201
1021222210
1022101112
1022101121
1022101212
1022101221
1022102112
1022102121
1022102212
1022102221
1022110222
1022111222
1022112022
1022112122
1022112201
1022112210
1022120111
1022121011
1022121102
1022121120
1022121211
1022122111
1022201112
1022201121
1022201212
1022201221
1022202112
1022202121
1022202212
1022202221
1022210222
1022211222
1022212022
1022212122
1022212201
1022212210
1022220111
1022221011
1022221102
1022221120
1022221211
1022222111
1100000022
1100000110
1100000111
1100000210
1100001011
1100001101
1100001102
1100001110
1100001201
1100001211
1100002001
1100010011
1100010120
1100010220
1100011002
1100011112
1100012102
1100012202
1100012220
1100012221
1100020222
1100021012
1100022021
1100022022
1100022122
1100022201
1100101222
1100102210
1100111120
1100112111
1100121121
1100121212
1100121221
1100122112
1100122121
1100122212
1100200111
1100201011
1100201102
1100201121
1100201211
1100201212
1100201221
1100201222
1100202112
1100202121
1100202210
1100202212
1100211112
1100211120
1100211222
1100212111
1100212210
1100212221
1100220222
1100221120
1100221121
1100221212
1100221221
1100222022
1100222111
1100222112
1100222121
1100222122
1100222201
1100222212
1101001222
1101002210
1101011120
1101012111
1101021121
1101021212
1101021221
1101022112
1101022121
1101022212
1101201112
1101202221
1101210222
1101212022
1101212122
1101212201
1101220111
1101221011
1101221102
1101221211
1102000111
1102001011
1102001102
1102001121
1102001211
1102001212
1102001221
1102001222
1102002112
1102002121
1102002210
1102002212
1102011112
1102011120
1102011222
1102012111
1102012210
1102012221
1102020222
1102021120
1102021121
1102021212
1102021221
1102022022
1102022111
1102022112
1102022121
1102022122
1102022201
1102022212
1102101112
1102102221
1102110222
1102112022
1102112122
1102112201
1102120111
1102121011
1102121102
1102121211
1102201120
1102202111
1102211121
1102211212
1102211221
1102212112
1102212121
1102212212
1102221222
1102222210
1110000111
1110001011
1110001102
1110001211
1110011112
1110012221
1110020222
1110022022
1110022122
1110022201
1110201120
1110202111
1110211121
1110211212
1110211221
1110212112
1110212121
1110212212
1110221222
1110222210
1111100222
1111101222
1111102022
1111102122
1111102201
1111102210
1111110111
1111111011
1111111102
1111111120
1111111211
1111112111
1111121112
1111121121
1111121212
1111121221
1111122112
1111122121
1111122212
1111122221
1111200222
1111201222
1111202022
1111202122
1111202201
1111202210
1111210111
1111211011
1111211102
1111211120
1111211211
1111212111
1111221112
1111221121
1111221212
1111221221
1111222112
1111222121
1111222212
1111222221
1112001120
1112002111
1112011121
1112011212
1112011221
1112012112
1112012121
1112012212
1112021222
1112022210
1112100222
1112101222
1112102022
1112102122
1112102201
1112102210
1112110111
1112111011
1112111102
1112111120
1112111211
1112112111
1112121112
1112121121
1112121212
1112121221
1112122112
1112122121
1112122212
1112122221
1112200222
1112201120
1112201222
1112202022
1112202111
1112202122
1112202201
1112202210
1112210111
1112211011
1112211102
1112211120
1112211121
1112211211
1112211212
1112211221
1112212111
1112212112
1112212121
1112212212
1112221112
1112221121
1112221212
1112221221
1112221222
1112222112
1112222121
1112222210
1112222212
1112222221
1120000022
1120000110
1120000210
1120001101
1120001110
1120001201
1120002001
1120010011
1120010120
1120010220
1120011002
1120012102
1120012202
1120012220
1120021012
1120022021
1120100222
1120102022
1120102122
1120102201
1120110111
1120111011
1120111102
1120111211
1120121112
1120122221
1120200222
1120202022
1120202122
1120202201
1120210111
1120211011
1120211102
1120211211
1120221112
1120222221
1121000222
1121002022
1121002122
1121002201
1121010111
1121011011
1121011102
1121011211
1121021112
1121022221
1121100111
1121101011
1121101102
1121101120
1121101211
1121102111
1121111112
1121111121
1121111212
1121111221
1121112112
1121112121
1121112212
1121112221
1121120222
1121121222
1121122022
1121122122
1121122201
1121122210
1122000222
1122002022
1122002122
1122002201
1122010111
1122011011
1122011102
1122011211
1122021112
1122022221
1200101121
1200101212
1200101221
1200102112
1200102121
1200102212
1200111222
1200112210
1200121120
1200122111
1200201222
1200202210
1200211120
1200212111
1200221121
1200221212
1200221221
1200222112
1200222121
1200222212
1201001120
1201002111
1201011121
1201011212
1201011221
1201012112
1201012121
1201012212
1201021222
1201022210
1201101112
1201102221
1201110222
1201112022
1201112122
1201112201
1201120111
1201121011
1201121102
1201121211
1202001121
1202001212
1202001221
1202002112
1202002121
1202002212
1202011222
1202012210
1202021120
1202022111
1202201112
1202202221
1202210222
1202212022
1202212122
1202212201
1202220111
1202221011
1202221102
1202221211
1210001222
1210002210
1210011120
1210012111
1210021121
1210021212
1210021221
1210022112
1210022121
1210022212
1210100222
1210102022
1210102122
1210102201
1210110111
1210111011
1210111102
1210111211
1210121112
1210122221
1211000111
1211001011
1211001102
1211001211
1211011112
1211012221
1211020222
1211022022
1211022122
1211022201
1220001120
1220002111
1220011121
1220011212
1220011221
1220012112
1220012121
1220012212
1220021222
1220022210
1220200222
1220202022
1220202122
1220202201
1220210111
1220211011
1220211102
1220211211
1220221112
1220222221
1222000111
1222001011
1222001102
1222001211
1222011112
1222012221
1222020222
1222022022
1222022122
1222022201
2000000222
2000001012
2000002021
2000002022
2000002122
2000002201
2000010022
2000010110
2000010111
2000010210
2000011011
2000011101
2000011102
2000011110
2000011201
2000011211
2000012001
2000020011
2000020120
2000020220
2000021002
2000021112
2000022102
2000022202
2000022220
2000022221
2000101121
2000101212
2000101221
2000102112
2000102121
2000102212
2000111222
2000112210
2000121120
2000122111
2000200222
2000201120
2000201121
2000201212
2000201221
2000202022
2000202111
2000202112
2000202121
2000202122
2000202201
2000202212
2000210111
2000211011
2000211102
2000211121
2000211211
2000211212
2000211221
2000211222
2000212112
2000212121
2000212210
2000212212
2000221112
2000221120
2000221222
2000222111
2000222210
2000222221
2001000222
2001002022
2001002122
2001002201
2001010111
2001011011
2001011102
2001011211
2001021112
2001022221
2001201222
2001202210
2001211120
2001212111
2001221121
2001221212
2001221221
2001222112
2001222121
2001222212
2002001012
2002002021
2002010022
2002010110
2002010210
2002011101
2002011110
2002011201
2002012001
2002020011
2002020120
2002020220
2002021002
2002022102
2002022202
2002022220
2002101112
2002102221
2002110222
2002112022
2002112122
2002112201
2002120111
2002121011
2002121102
2002121211
2002201112
2002202221
2002210222
2002212022
2002212122
2002212201
2002220111
2002221011
2002221102
2002221211
2010001121
2010001212
2010001221
2010002112
2010002121
2010002212
2010011222
2010012210
2010021120
2010022111
2010200111
2010201011
2010201102
2010201211
2010211112
2010212221
2010220222
2010222022
2010222122
2010222201
2011101112
2011101121
2011101212
2011101221
2011102112
2011102121
2011102212
2011102221
2011110222
2011111222
2011112022
2011112122
2011112201
2011112210
2011120111
2011121011
2011121102
2011121120
2011121211
2011122111
2011201112
2011201121
2011201212
2011201221
2011202112
2011202121
2011202212
2011202221
2011210222
2011211222
2011212022
2011212122
2011212201
2011212210
2011220111
2011221011
2011221102
2011221120
2011221211
2011222111
2012001112
2012002221
2012010222
2012012022
2012012122
2012012201
2012020111
2012021011
2012021102
2012021211
2012100222
2012101222
2012102022
2012102122
2012102201
2012102210
2012110111
2012111011
2012111102
2012111120
2012111211
2012112111
2012121112
2012121121
2012121212
2012121221
2012122112
2012122121
2012122212
2012122221
2020000222
2020001120
2020001121
2020001212
2020001221
2020002022
2020002111
2020002112
2020002121
2020002122
2020002201
2020002212
2020010111
2020011011
2020011102
2020011121
2020011211
2020011212
2020011221
2020011222
2020012112
2020012121
2020012210
2020012212
2020021112
2020021120
2020021222
2020022111
2020022210
2020022221
2020100111
2020101011
2020101102
2020101211
2020111112
2020112221
2020120222
2020122022
2020122122
2020122201
2020201222
2020202210
2020211120
2020212111
2020221121
2020221212
2020221221
2020222112
2020222121
2020222212
2021001222
2021002210
2021011120
2021012111
2021021121
2021021212
2021021221
2021022112
2021022121
2021022212
2021101112
2021101121
2021101212
2021101221
2021102112
2021102121
2021102212
2021102221
2021110222
2021111222
2021112022
2021112122
2021112201
2021112210
2021120111
2021121011
2021121102
2021121120
2021121211
2021122111
2021201112
2021201121
2021201212
2021201221
2021201222
2021202112
2021202121
2021202210
2021202212
2021202221
2021210222
2021211120
2021211222
2021212022
2021212111
2021212122
2021212201
2021212210
2021220111
2021221011
2021221102
2021221120
2021221121
2021221211
2021221212
2021221221
2021222111
2021222112
2021222121
2021222212
2022001112
2022002221
2022010222
2022012022
2022012122
2022012201
2022020111
2022021011
2022021102
2022021211
2100101120
2100102111
2100111121
2100111212
2100111221
2100112112
2100112121
2100112212
2100121222
2100122210
2100201121
2100201212
2100201221
2100202112
2100202121
2100202212
2100211222
2100212210
2100221120
2100222111
2101001121
2101001212
2101001221
2101002112
2101002121
2101002212
2101011222
2101012210
2101021120
2101022111
2101101112
2101102221
2101110222
2101112022
2101112122
2101112201
2101120111
2101121011
2101121102
2101121211
2102001222
2102002210
2102011120
2102012111
2102021121
2102021212
2102021221
2102022112
2102022121
2102022212
2102201112
2102202221
2102210222
2102212022
2102212122
2102212201
2102220111
2102221011
2102221102
2102221211
2110001222
2110002210
2110011120
2110012111
2110021121
2110021212
2110021221
2110022112
2110022121
2110022212
2110100111
2110101011
2110101102
2110101211
2110111112
2110112221
2110120222
2110122022
2110122122
2110122201
2111000222
2111002022
2111002122
2111002201
2111010111
2111011011
2111011102
2111011211
2111021112
2111022221
2120001120
2120002111
2120011121
2120011212
2120011221
2120012112
2120012121
2120012212
2120021222
2120022210
2120200111
2120201011
2120201102
2120201211
2120211112
2120212221
2120220222
2120222022
2120222122
2120222201
2122000222
2122002022
2122002122
2122002201
2122010111
2122011011
2122011102
2122011211
2122021112
2122022221
2200000011
2200000120
2200000220
2200000222
2200001002
2200002022
2200002102
2200002122
2200002201
2200002202
2200002220
2200010111
2200011011
2200011012
2200011102
2200011211
2200012021
2200020022
2200020110
2200020210
2200021101
2200021110
2200021112
2200021201
2200022001
2200022221
2200100222
2200101120
2200101121
2200101212
2200101221
2200102022
2200102111
2200102112
2200102121
2200102122
2200102201
2200102212
2200110111
2200111011
2200111102
2200111121
2200111211
2200111212
2200111221
2200111222
2200112112
2200112121
2200112210
2200112212
2200121112
2200121120
2200121222
2200122111
2200122210
2200122221
2200201120
2200202111
2200211121
2200211212
2200211221
2200212112
2200212121
2200212212
2200221222
2200222210
2201000222
2201001120
2201001121
2201001212
2201001221
2201002022
2201002111
2201002112
2201002121
2201002122
2201002201
2201002212
2201010111
2201011011
2201011102
2201011121
2201011211
2201011212
2201011221
2201011222
2201012112
2201012121
2201012210
2201012212
2201021112
2201021120
2201021222
2201022111
2201022210
2201022221
2201101222
2201102210
2201111120
2201112111
2201121121
2201121212
2201121221
2201122112
2201122121
2201122212
2201201112
2201202221
2201210222
2201212022
2201212122
2201212201
2201220111
2201221011
2201221102
2201221211
2202001120
2202002111
2202011121
2202011212
2202011221
2202012112
2202012121
2202012212
2202021222
2202022210
2202101112
2202102221
2202110222
2202112022
2202112122
2202112201
2202120111
2202121011
2202121102
2202121211
2210000011
2210000120
2210000220
2210001002
2210002102
2210002202
2210002220
2210011012
2210012021
2210020022
2210020110
2210020210
2210021101
2210021110
2210021201
2210022001
2210100111
2210101011
2210101102
2210101211
2210111112
2210112221
2210120222
2210122022
2210122122
2210122201
2210200111
2210201011
2210201102
2210201211
2210211112
2210212221
2210220222
2210222022
2210222122
2210222201
2211000111
2211001011
2211001102
2211001211
2211011112
2211012221
2211020222
2211022022
2211022122
2211022201
2212000111
2212001011
2212001102
2212001211
2212011112
2212012221
2212020222
2212022022
2212022122
2212022201
2212200222
2212201222
2212202022
2212202122
2212202201
2212202210
2212210111
2212211011
2212211102
2212211120
2212211211
2212212111
2212221112
2212221121
2212221212
2212221221
2212222112
2212222121
2212222212
2212222221
2220000222
2220002022
2220002122
2220002201
2220010111
2220011011
2220011102
2220011211
2220021112
2220022221
2220101222
2220102210
2220111120
2220112111
2220121121
2220121212
2220121221
2220122112
2220122121
2220122212
2221001222
2221002210
2221011120
2221012111
2221021121
2221021212
2221021221
2221022112
2221022121
2221022212
2221100111
2221101011
2221101102
2221101120
2221101211
2221101222
2221102111
2221102210
2221111112
2221111120
2221111121
2221111212
2221111221
2221112111
2221112112
2221112121
2221112212
2221112221
2221120222
2221121121
2221121212
2221121221
2221121222
2221122022
2221122112
2221122121
2221122122
2221122201
2221122210
2221122212
2221200111
2221201011
2221201102
2221201120
2221201211
2221202111
2221211112
2221211121
2221211212
2221211221
2221212112
2221212121
2221212212
2221212221
2221220222
2221221222
2221222022
2221222122
2221222201
2221222210
2222100111
2222101011
2222101102
2222101120
2222101211
2222102111
2222111112
2222111121
2222111212
2222111221
2222112112
2222112121
2222112212
2222112221
2222120222
2222121222
2222122022
2222122122
2222122201
2222122210
2222200111
2222201011
2222201102
2222201120
2222201211
2222202111
2222211112
2222211121
2222211212
2222211221
2222212112
2222212121
2222212212
2222212221
2222220222
2222221222
2222222022
2222222122
2222222201
2222222210
