00101021
00101022
00101101
00101102
00101120
00101201
00101202
00101220
00102021
00102022
00102101
00102102
00102120
00102201
00102202
00102220
00110121
00110122
00110221
00110222
00111001
00111002
00111020
00112001
00112002
00112020
00120121
00120122
00120221
00120222
00121001
00121002
00121020
00122001
00122002
00122020
00201011
00201012
00201101
00201102
00201110
00201201
00201202
00201210
00202011
00202012
00202101
00202102
00202110
00202201
00202202
00202210
00210111
00210112
00210211
00210212
00211001
00211002
00211010
00212001
00212002
00212010
00220111
00220112
00220211
00220212
00221001
00221002
00221010
00222001
00222002
00222010
01001012
01001022
01001102
01001110
01001120
01001202
01001210
01001220
01002012
01002022
01002102
01002110
01002120
01002202
01002210
01002220
01010112
01010122
01010212
01010222
01011002
01011010
01011020
01012002
01012010
01012020
01020112
01020122
01020212
01020222
01021002
01021010
01021020
01022002
01022010
01022020
01101002
01101020
01102002
01102020
01110102
01110120
01110202
01110220
01120102
01120120
01120202
01120220
01201002
01201010
01202002
01202010
01210102
01210110
01210202
01210210
01220102
01220110
01220202
01220210
02001011
02001021
02001101
02001110
02001120
02001201
02001210
02001220
02002011
02002021
02002101
02002110
02002120
02002201
02002210
02002220
02010111
02010121
02010211
02010221
02011001
02011010
02011020
02012001
02012010
02012020
02020111
02020121
02020211
02020221
02021001
02021010
02021020
02022001
02022010
02022020
02101001
02101020
02102001
02102020
02110101
02110120
02110201
02110220
02120101
02120120
02120201
02120220
02201001
02201010
02202001
02202010
02210101
02210110
02210201
02210210
02220101
02220110
02220201
02220210
10000111
10000112
10000121
10000122
10000211
10000212
10000221
10000222
10010011
10010012
10010021
10010022
10011201
10011202
10011210
10011220
10012201
10012202
10012210
10012220
10020011
10020012
10020021
10020022
10021101
10021102
10021110
10021120
10022101
10022102
10022110
10022120
10100021
10100022
10100120
10100220
10110020
10111200
10112200
10120020
10121100
10122100
10200011
10200012
10200110
10200210
10210010
10211200
10212200
10220010
10221100
10222100
11000012
11000022
11000102
11000202
11010002
11011200
11012200
11020002
11021100
11022100
11100002
11100020
11100100
11100200
11110000
11111111
11111112
11111121
11111211
11112111
11112112
11112121
11112211
11120000
11121111
11121211
11121212
11121221
11122111
11122211
11122212
11122221
11200002
11200010
11200100
11200200
11210000
11211111
11211121
11211122
11211221
11212111
11212121
11212122
11212221
11220000
11221121
11221211
11221221
11221222
11222121
11222211
11222221
11222222
12000011
12000021
12000101
12000201
12010001
12011200
12012200
12020001
12021100
12022100
12100001
12100020
12100100
12100200
12110000
12111111
12111112
12111122
12111212
12112111
12112112
12112122
12112212
12120000
12121112
12121211
12121212
12121222
12122112
12122211
12122212
12122222
12200001
12200010
12200100
12200200
12210000
12211112
12211121
12211122
12211222
12212112
12212121
12212122
12212222
12220000
12221122
12221212
12221221
12221222
12222122
12222212
12222221
12222222
20000111
20000112
20000121
20000122
20000211
20000212
20000221
20000222
20010011
20010012
20010021
20010022
20011201
20011202
20011210
20011220
20012201
20012202
20012210
20012220
20020011
20020012
20020021
20020022
20021101
20021102
20021110
20021120
20022101
20022102
20022110
20022120
20100021
20100022
20100120
20100220
20110020
20111200
20112200
20120020
20121100
20122100
20200011
20200012
20200110
20200210
20210010
20211200
20212200
20220010
20221100
20222100
21000012
21000022
21000102
21000202
21010002
21011200
21012200
21020002
21021100
21022100
21100002
21100020
21100100
21100200
21110000
21111111
21111112
21111121
21111211
21112111
21112112
21112121
21112211
21120000
21121111
21121211
21121212
21121221
21122111
21122211
21122212
21122221
21200002
21200010
21200100
21200200
21210000
21211111
21211121
21211122
21211221
21212111
21212121
21212122
21212221
21220000
21221121
21221211
21221221
21221222
21222121
21222211
21222221
21222222
22000011
22000021
22000101
22000201
22010001
22011200
22012200
22020001
22021100
22022100
22100001
22100020
22100100
22100200
22110000
22111111
22111112
22111122
22111212
22112111
22112112
22112122
22112212
22120000
22121112
22121211
22121212
22121222
22122112
22122211
22122212
22122222
22200001
22200010
22200100
22200200
22210000
22211112
22211121
22211122
22211222
22212112
22212121
22212122
22212222
22220000
22221122
22221212
22221221
22221222
22222122
22222212
22222221
22222222
