000001101
000001110
000002202
000002220
000010011
000010110
000011001
000020022
000020220
000022002
000100101
000110100
000111000
000200202
000220200
000222000
001001101
001002220
001011001
001020022
001020220
001100011
001101010
001200022
001200202
001202020
001220200
001222000
002001110
002002202
002010011
002010110
002022002
002100011
002100101
002101010
002110100
002111000
002200022
002202020
010001102
010001120
010001201
010001202
010001210
010001220
010002101
010002102
010002110
010002120
010002201
010002210
010010012
010010021
010010022
010010120
010010210
010010220
010011002
010012001
010012002
010020011
010020012
010020021
010020110
010020120
010020210
010021001
010021002
010022001
010100011
010100012
010100021
010100022
010100102
010100201
010100202
010101010
010101020
010102010
010102020
010110200
010111122
010111212
010111221
010112000
010112112
010112121
010112211
010112222
010120100
010120200
010121000
010121112
010121121
010121211
010121222
010122000
010122111
010122122
010122212
010122221
010200011
010200012
010200021
010200022
010200101
010200102
010200201
010201010
010201020
010202010
010202020
010210100
010210200
010211000
010211112
010211121
010211211
010211222
010212000
010212111
010212122
010212212
010212221
010220100
010221000
010221111
010221122
010221212
010221221
010222112
010222121
010222211
011001101
011002220
011011001
011020022
011020220
011200202
011220200
011222000
012001101
012001102
012001120
012001201
012001202
012001210
012001220
012002101
012002102
012002110
012002120
012002201
012002210
012002220
012010012
012010021
012010022
012010120
012010210
012010220
012011001
012011002
012012001
012012002
012020011
012020012
012020021
012020022
012020110
012020120
012020210
012020220
012021001
012021002
012022001
012100012
012100021
012100022
012100102
012100201
012100202
012101020
012102010
012102020
012110200
012111111
012111122
012111212
012111221
012112000
012112112
012112121
012112211
012112222
012120100
012120200
012121000
012121112
012121121
012121211
012121222
012122000
012122111
012122122
012122212
012122221
012200011
012200012
012200021
012200101
012200102
012200201
012200202
012201010
012201020
012202010
012210100
012210200
012211000
012211112
012211121
012211211
012211222
012212000
012212111
012212122
012212212
012212221
012220100
012220200
012221000
012221111
012221122
012221212
012221221
012222000
012222112
012222121
012222211
012222222
020001102
020001120
020001201
020001202
020001210
020001220
020002101
020002102
020002110
020002120
020002201
020002210
020010012
020010021
020010022
020010120
020010210
020010220
020011002
020012001
020012002
020020011
020020012
020020021
020020110
020020120
020020210
020021001
020021002
020022001
020100011
020100012
020100021
020100022
020100102
020100201
020100202
020101010
020101020
020102010
020102020
020110200
020111122
020111212
020111221
020112000
020112112
020112121
020112211
020112222
020120100
020120200
020121000
020121112
020121121
020121211
020121222
020122000
020122111
020122122
020122212
020122221
020200011
020200012
020200021
020200022
020200101
020200102
020200201
020201010
020201020
020202010
020202020
020210100
020210200
020211000
020211112
020211121
020211211
020211222
020212000
020212111
020212122
020212212
020212221
020220100
020221000
020221111
020221122
020221212
020221221
020222112
020222121
020222211
021001102
021001110
021001120
021001201
021001202
021001210
021001220
021002101
021002102
021002110
021002120
021002201
021002202
021002210
021010011
021010012
021010021
021010022
021010110
021010120
021010210
021010220
021011002
021012001
021012002
021020011
021020012
021020021
021020110
021020120
021020210
021021001
021021002
021022001
021022002
021100012
021100021
021100022
021100101
021100102
021100201
021100202
021101020
021102010
021102020
021110100
021110200
021111000
021111111
021111122
021111212
021111221
021112000
021112112
021112121
021112211
021112222
021120100
021120200
021121000
021121112
021121121
021121211
021121222
021122000
021122111
021122122
021122212
021122221
021200011
021200012
021200021
021200101
021200102
021200201
021201010
021201020
021202010
021210100
021210200
021211000
021211112
021211121
021211211
021211222
021212000
021212111
021212122
021212212
021212221
021220100
021221000
021221111
021221122
021221212
021221221
021222112
021222121
021222211
021222222
022001110
022002202
022010011
022010110
022022002
022100101
022110100
022111000
100001102
100001110
100001120
100001201
100001210
100002101
100002110
100002202
100010011
100010012
100010021
100010110
100010120
100010210
100011002
100012001
100020011
100020110
100021001
100022002
100100011
100100012
100100021
100100101
100100102
100100201
100101010
100101020
100102010
100110100
100110200
100111000
100112000
100112222
100120100
100121000
100121222
100122122
100122212
100122221
100200011
100200022
100200101
100201010
100202020
100210100
100211000
100211222
100212122
100212212
100212221
100221122
100221212
100221221
100222112
100222121
100222211
101001102
101001120
101001201
101001210
101002101
101002110
101010012
101010021
101010120
101010210
101011002
101012001
101020011
101020110
101021001
101100012
101100021
101100102
101100201
101101020
101102010
101110200
101112000
101112222
101120100
101121000
101121222
101122122
101122212
101122221
101200011
101200101
101201010
101210100
101211000
101211222
101212122
101212212
101212221
101221122
101221212
101221221
101222112
101222121
101222211
102000201
102000210
102001122
102001200
102001202
102001220
102002022
102002102
102002120
102002201
102002210
102010022
102010220
102011112
102012002
102012021
102012111
102020001
102020010
102020012
102020021
102020120
102020210
102020211
102021000
102021002
102021210
102022001
102100022
102100122
102100200
102100202
102102020
102102222
102111102
102111122
102111212
102111221
102112020
102112101
102112112
102112121
102112211
102112221
102120000
102120200
102120201
102121112
102121121
102121122
102121200
102121211
102122000
102122022
102122111
102200012
102200021
102200102
102200121
102200201
102201020
102201120
102202002
102202010
102202101
102202110
102202212
102210012
102210021
102210200
102211002
102211020
102211112
102211121
102211211
102211212
102211221
102212000
102212111
102220100
102221000
102221111
102221121
102222012
102222111
110001102
110001110
110001120
110001201
110001210
110002101
110002110
110002202
110010011
110010012
110010021
110010110
110010120
110010210
110011002
110012001
110020011
110020110
110021001
110022002
110100012
110100021
110100101
110100102
110100201
110101020
110102010
110110100
110110200
110111000
110112000
110112222
110120100
110121000
110121222
110122122
110122212
110122221
110200011
110200101
110201010
110210100
110211000
110211222
110212122
110212212
110212221
110221122
110221212
110221221
110222112
110222121
110222211
111100011
111101010
111200022
111202020
112001110
112002202
112010011
112010110
112022002
112100101
112110100
112111000
112111111
112222222
120001101
120002220
120011001
120020022
120020220
120111111
120200202
120220200
120222000
120222222
121001102
121001120
121001201
121001210
121002101
121002110
121010012
121010021
121010120
121010210
121011002
121012001
121020011
121020110
121021001
121100012
121100021
121100102
121100201
121101020
121102010
121110200
121112000
121112222
121120100
121121000
121121222
121122122
121122212
121122221
121200011
121200101
121201010
121210100
121211000
121211222
121212122
121212212
121212221
121221122
121221212
121221221
121222112
121222121
121222211
122001110
122002202
122010011
122010110
122022002
122100101
122110100
122111000
122111111
122222222
200001101
200001202
200001220
200002102
200002120
200002201
200002210
200002220
200010022
200010220
200011001
200012002
200020012
200020021
200020022
200020120
200020210
200020220
200021002
200022001
200100011
200100022
200100202
200101010
200102020
200111122
200111212
200111221
200112112
200112121
200112211
200120200
200121112
200121121
200121211
200122000
200122111
200200012
200200021
200200022
200200102
200200201
200200202
200201020
200202010
200202020
200210200
200211112
200211121
200211211
200212000
200212111
200220100
200220200
200221000
200221111
200222000
201000102
201000120
201001011
201001102
201001120
201001201
201001210
201002100
201002101
201002110
201002211
201010002
201010012
201010020
201010021
201010120
201010122
201010210
201011002
201012000
201012001
201012120
201020011
201020110
201021001
201021012
201021222
201022221
201100012
201100021
201100102
201100201
201100212
201101001
201101020
201101121
201101202
201101220
201102010
201102210
201110200
201111021
201111222
201112000
201112212
201112222
201120012
201120021
201120100
201121000
201121222
201122001
201122010
201122112
201122121
201122122
201122212
201122221
201200011
201200100
201200101
201200211
201201010
201201111
201210000
201210100
201210102
201211000
201211011
201211222
201212100
201212122
201212211
201212212
201212221
201221010
201221112
201221122
201221202
201221212
201221221
201222112
201222121
201222201
201222211
202001202
202001220
202002102
202002120
202002201
202002210
202010022
202010220
202012002
202020012
202020021
202020120
202020210
202021002
202022001
202100022
202100202
202102020
202111122
202111212
202111221
202112112
202112121
202112211
202120200
202121112
202121121
202121211
202122000
202122111
202200012
202200021
202200102
202200201
202201020
202202010
202210200
202211112
202211121
202211211
202212000
202212111
202220100
202221000
202221111
210001110
210002202
210010011
210010110
210022002
210100101
210110100
210111000
210111111
210222222
211001101
211002220
211011001
211020022
211020220
211111111
211200202
211220200
211222000
211222222
212001202
212001220
212002102
212002120
212002201
212002210
212010022
212010220
212012002
212020012
212020021
212020120
212020210
212021002
212022001
212100022
212100202
212102020
212111122
212111212
212111221
212112112
212112121
212112211
212120200
212121112
212121121
212121211
212122000
212122111
212200012
212200021
212200102
212200201
212201020
212202010
212210200
212211112
212211121
212211211
212212000
212212111
212220100
212221000
212221111
220001101
220001202
220001220
220002102
220002120
220002201
220002210
220002220
220010022
220010220
220011001
220012002
220020012
220020021
220020022
220020120
220020210
220020220
220021002
220022001
220100022
220100202
220102020
220111122
220111212
220111221
220112112
220112121
220112211
220120200
220121112
220121121
220121211
220122000
220122111
220200012
220200021
220200102
220200201
220200202
220201020
220202010
220210200
220211112
220211121
220211211
220212000
220212111
220220100
220220200
220221000
220221111
220222000
221001101
221002220
221011001
221020022
221020220
221111111
221200202
221220200
221222000
221222222
222100011
222101010
222200022
222202020
