0000012
0000022
0000102
0000202
0001002
0001111
0001121
0001211
0001221
0002002
0002111
0002121
0002211
0002221
0010002
0010111
0010121
0010211
0010221
0011010
0011020
0011100
0011200
0012010
0012020
0012100
0012200
0020002
0020111
0020121
0020211
0020221
0021010
0021020
0021100
0021200
0022010
0022020
0022100
0022200
0100002
0100110
0100120
0100210
0100220
0101011
0101021
0101100
0101200
0102011
0102021
0102100
0102200
0110010
0110020
0110101
0110201
0111001
0112001
0120010
0120020
0120101
0120201
0121001
0122001
0200002
0200110
0200120
0200210
0200220
0201011
0201021
0201100
0201200
0202011
0202021
0202100
0202200
0210010
0210020
0210101
0210201
0211001
0212001
0220010
0220020
0220101
0220201
0221001
0222001
1000002
1000110
1000120
1000210
1000220
1001010
1001020
1001101
1001201
1002010
1002020
1002101
1002201
1010011
1010021
1010100
1010200
1011001
1012001
1020011
1020021
1020100
1020200
1021001
1022001
1100011
1100021
1100101
1100201
1101000
1102000
1110000
1111110
1111111
1111220
1111221
1112120
1112121
1112210
1112211
1120000
1121120
1121121
1121210
1121211
1122110
1122111
1122220
1122221
1200011
1200021
1200101
1200201
1201000
1202000
1210000
1211120
1211121
1211210
1211211
1212110
1212111
1212220
1212221
1220000
1221110
1221111
1221220
1221221
1222120
1222121
1222210
1222211
2000002
2000110
2000120
2000210
2000220
2001010
2001020
2001101
2001201
2002010
2002020
2002101
2002201
2010011
2010021
2010100
2010200
2011001
2012001
2020011
2020021
2020100
2020200
2021001
2022001
2100011
2100021
2100101
2100201
2101000
2102000
2110000
2111120
2111121
2111210
2111211
2112110
2112111
2112220
2112221
2120000
2121110
2121111
2121220
2121221
2122120
2122121
2122210
2122211
2200011
2200021
2200101
2200201
2201000
2202000
2210000
2211110
2211111
2211220
2211221
2212120
2212121
2212210
2212211
2220000
2221120
2221121
2221210
2221211
2222110
2222111
2222220
2222221
